   1.0000000e-03
   1.0000000e-03
   1.0000000e-03
   9.3351597e-04
   9.4308404e-02
   1.0534000e-01
   1.0764219e-01
   1.0740569e-01
   1.0567422e-01
   1.0379411e-01
   1.0229949e-01
   1.0128690e-01
   1.0066959e-01
   1.0032230e-01
   1.0014030e-01
   1.0005173e-01
   1.0001247e-01
   9.9997476e-02
   9.9993414e-02
   9.9993661e-02
   9.9994534e-02
   9.9995461e-02
   9.9996285e-02
   9.9996976e-02
   9.9997544e-02
   9.9998008e-02
   1.0645835e-01
   1.1366290e-01
   1.2033213e-01
   1.2618253e-01
   1.3118572e-01
   1.3538732e-01
   1.3885783e-01
   1.4167667e-01
   1.4392563e-01
   1.4568540e-01
   1.4703323e-01
   1.4804120e-01
   1.4877485e-01
   1.4929227e-01
   1.4964358e-01
   1.4987087e-01
   1.5000846e-01
   1.5008352e-01
   1.5011689e-01
   1.5012404e-01
   1.5011600e-01
   1.5009119e-01
   1.5006084e-01
   1.5003250e-01
   1.5001027e-01
   1.4999546e-01
   1.4998757e-01
   1.4998511e-01
   1.4998625e-01
   1.4998821e-01
   1.4999043e-01
   1.4999258e-01
   1.4999449e-01
   1.4999607e-01
   1.4999733e-01
   1.4999828e-01
   1.4999897e-01
   1.4999945e-01
   1.4999977e-01
   1.4999997e-01
   1.5000008e-01
   1.5000014e-01
   1.5000015e-01
   1.5000015e-01
   1.5000012e-01
   1.5000008e-01
   1.5000005e-01
   1.5000002e-01
   1.5000000e-01
   1.4999999e-01
   1.5489892e-01
   1.6173423e-01
   1.6895955e-01
   1.7582709e-01
   1.8200016e-01
   1.8734394e-01
   1.9182569e-01
   1.9546719e-01
   1.9832114e-01
   2.0045861e-01
   2.0196187e-01
   2.0291950e-01
   2.0342283e-01
   2.0356269e-01
   2.0342650e-01
   2.0290949e-01
   2.0216276e-01
   2.0133036e-01
   2.0053460e-01
   1.9986576e-01
   1.9937724e-01
   1.9908672e-01
   1.9898203e-01
   1.9903007e-01
