   1.0000000e-05
   1.0000000e-05
   1.0000000e-05
   1.0375830e-04
   1.0782183e-04
   1.0778516e-04
   1.0723330e-04
   1.0611521e-04
   1.0515691e-04
   1.0446833e-04
   1.0402741e-04
   1.0376898e-04
   1.0362853e-04
   1.0355763e-04
   1.0352474e-04
   1.0351121e-04
   1.0350677e-04
   1.0350616e-04
   1.0350688e-04
   1.0350742e-04
   1.0350791e-04
   1.0350832e-04
   1.0350866e-04
   1.0350894e-04
   1.0350916e-04
   1.0781393e-04
   1.1174146e-04
   1.1508218e-04
   1.1783196e-04
   1.2005271e-04
   1.2181747e-04
   1.2319737e-04
   1.2425783e-04
   1.2505736e-04
   1.2564731e-04
   1.2607197e-04
   1.2636883e-04
   1.2656906e-04
   1.2669801e-04
   1.2677591e-04
   1.2681844e-04
   1.2683749e-04
   1.2684180e-04
   1.2683758e-04
   1.2682905e-04
   1.2681897e-04
   1.2680111e-04
   1.2678585e-04
   1.2677477e-04
   1.2676806e-04
   1.2676507e-04
   1.2676478e-04
   1.2676613e-04
   1.2676819e-04
   1.2676938e-04
   1.2677043e-04
   1.2677131e-04
   1.2677201e-04
   1.2677254e-04
   1.2677292e-04
   1.2677319e-04
   1.2677337e-04
   1.2677348e-04
   1.2677354e-04
   1.2677357e-04
   1.2677358e-04
   1.2677358e-04
   1.2677357e-04
   1.2677356e-04
   1.2677354e-04
   1.2677352e-04
   1.2677350e-04
   1.2677349e-04
   1.2677349e-04
   1.2677349e-04
   1.3107792e-04
   1.3508064e-04
   1.3857289e-04
   1.4146078e-04
   1.4374972e-04
   1.4548901e-04
   1.4674614e-04
   1.4759432e-04
   1.4810619e-04
   1.4835047e-04
   1.4839015e-04
   1.4828140e-04
   1.4807302e-04
   1.4780622e-04
   1.4751458e-04
   1.4699429e-04
   1.4652626e-04
   1.4615457e-04
   1.4590149e-04
   1.4576962e-04
   1.4574599e-04
   1.4580719e-04
   1.4592480e-04
   1.4607023e-04
   1.4615286e-04
