   1.0000000e-03
   1.0000000e-03
   1.0000000e-03
   9.3351597e-04
   5.7318292e-02
   6.5617298e-02
   7.3102889e-02
   8.5406426e-02
   9.1776152e-02
   8.5901654e-02
   8.5671419e-02
   9.3676637e-02
   9.9039481e-02
   9.0673727e-02
   8.7560296e-02
   9.3894175e-02
   9.9833887e-02
   9.3039329e-02
   8.8909645e-02
   9.3848133e-02
   1.0031966e-01
   9.5662525e-02
   8.4945308e-02
   8.8320629e-02
   9.6218251e-02
   9.6340809e-02
   9.7898766e-02
   1.1085404e-01
   1.2732044e-01
   1.4271123e-01
   1.4469941e-01
   1.4681592e-01
   1.5243537e-01
   1.5578101e-01
   1.4671438e-01
   1.4102701e-01
   1.4349900e-01
   1.5011638e-01
   1.4538942e-01
   1.4181669e-01
   1.4500079e-01
   1.4931801e-01
   1.4427543e-01
   1.3992097e-01
   1.4260013e-01
   1.4778235e-01
   1.4513865e-01
   1.3778037e-01
   1.3859306e-01
   1.4420761e-01
   1.4468694e-01
   1.3832951e-01
   1.3874540e-01
   1.4462806e-01
   1.4705612e-01
   1.4034134e-01
   1.3917272e-01
   1.4447493e-01
   1.4866904e-01
   1.4224125e-01
   1.3988069e-01
   1.4451061e-01
   1.5038201e-01
   1.4465859e-01
   1.4131492e-01
   1.4498546e-01
   1.5212895e-01
   1.4731656e-01
   1.4320266e-01
   1.4570289e-01
   1.4970501e-01
   1.4456525e-01
   1.3996399e-01
   1.4237966e-01
   1.4759803e-01
   1.4533738e-01
   1.4615579e-01
   1.5795597e-01
   1.7337687e-01
   1.8756109e-01
   1.9478838e-01
   2.0150957e-01
   2.0862048e-01
   2.1035583e-01
   2.0302417e-01
   1.9739512e-01
   1.9625106e-01
   1.9580284e-01
   1.8952899e-01
   1.8595868e-01
   1.8824754e-01
   1.9425227e-01
   1.9365218e-01
   1.9318598e-01
   1.9645574e-01
   2.0233745e-01
   2.0039923e-01
   1.9761443e-01
   1.9828822e-01
   2.0047842e-01
