   1.0000000e-05
   1.0000000e-05
   1.0000000e-05
   7.8501046e-05
   8.3982998e-05
   8.8735120e-05
   9.6420689e-05
   9.9745182e-05
   9.5443197e-05
   9.5790268e-05
   1.0096001e-04
   1.0367511e-04
   9.7665876e-05
   9.6587406e-05
   1.0093410e-04
   1.0417473e-04
   9.9056812e-05
   9.7214226e-05
   1.0077840e-04
   1.0450210e-04
   1.0066173e-04
   9.4473824e-05
   9.7553901e-05
   1.0238371e-04
   1.0161334e-04
   1.0261085e-04
   1.1114620e-04
   1.2088669e-04
   1.2896847e-04
   1.2530111e-04
   1.2628956e-04
   1.3026837e-04
   1.3076845e-04
   1.2135000e-04
   1.2068543e-04
   1.2495135e-04
   1.2960264e-04
   1.2281909e-04
   1.2186403e-04
   1.2589993e-04
   1.2830432e-04
   1.2224196e-04
   1.2077727e-04
   1.2462443e-04
   1.2794769e-04
   1.2361028e-04
   1.1873320e-04
   1.2214889e-04
   1.2644792e-04
   1.2470007e-04
   1.1934612e-04
   1.2207464e-04
   1.2674377e-04
   1.2652181e-04
   1.1999340e-04
   1.2168285e-04
   1.2645809e-04
   1.2795971e-04
   1.2085346e-04
   1.2153547e-04
   1.2622474e-04
   1.2942555e-04
   1.2209750e-04
   1.2174955e-04
   1.2607975e-04
   1.3076090e-04
   1.2354017e-04
   1.2220612e-04
   1.2594853e-04
   1.2835005e-04
   1.2231448e-04
   1.2069715e-04
   1.2442698e-04
   1.2787671e-04
   1.2385331e-04
   1.2547383e-04
   1.3552021e-04
   1.4498223e-04
   1.5142600e-04
   1.5002892e-04
   1.5252402e-04
   1.5586675e-04
   1.5174795e-04
   1.4085424e-04
   1.4066844e-04
   1.4407265e-04
   1.4447831e-04
   1.3762054e-04
   1.3852517e-04
   1.4369645e-04
   1.4889010e-04
   1.4356876e-04
   1.4350339e-04
   1.4769959e-04
   1.5219200e-04
   1.4486955e-04
   1.4318240e-04
   1.4631513e-04
   1.4840195e-04
   1.4207864e-04
