   1.0000000e-03
   1.0000000e-03
   1.0000000e-03
   9.3351597e-04
   4.9953738e-02
   5.3939989e-02
   5.3013276e-02
   5.1516434e-02
   5.0571832e-02
   5.0145241e-02
   5.0001534e-02
   4.9973414e-02
   4.9975776e-02
   4.9980149e-02
   4.9983929e-02
   4.9987009e-02
   4.9989501e-02
   4.9991515e-02
   4.9993142e-02
   4.9994458e-02
   4.9995521e-02
   4.9996380e-02
   4.9997074e-02
   4.9997636e-02
   4.9998089e-02
   4.9998456e-02
   6.1848507e-02
   8.2586482e-02
   1.0047492e-01
   1.1483580e-01
   1.2612939e-01
   1.3481088e-01
   1.4127527e-01
   1.4587866e-01
   1.4895327e-01
   1.5081316e-01
   1.5175303e-01
   1.5175359e-01
   1.5112087e-01
   1.5028532e-01
   1.4961738e-01
   1.4928952e-01
   1.4920718e-01
   1.4927777e-01
   1.4942506e-01
   1.4959424e-01
   1.4975090e-01
   1.4987734e-01
   1.4996789e-01
   1.5002457e-01
   1.5005354e-01
   1.5005342e-01
   1.5003388e-01
   1.5000846e-01
   1.4998836e-01
   1.4997854e-01
   1.4997606e-01
   1.4997817e-01
   1.4998260e-01
   1.4998771e-01
   1.4999245e-01
   1.4999629e-01
   1.4999904e-01
   1.5000076e-01
   1.5000164e-01
   1.5000162e-01
   1.5000103e-01
   1.5000025e-01
   1.4999964e-01
   1.4999934e-01
   1.4999927e-01
   1.4999934e-01
   1.4999947e-01
   1.4999963e-01
   1.4999977e-01
   1.4999989e-01
   1.5932179e-01
   1.7779865e-01
   1.9756643e-01
   2.1570302e-01
   2.3132941e-01
   2.4426971e-01
   2.5458889e-01
   2.6242688e-01
   2.6705503e-01
   2.6827344e-01
   2.6628084e-01
   2.6163000e-01
   2.5522270e-01
   2.4827906e-01
   2.4234855e-01
   2.3788489e-01
   2.3514537e-01
   2.3414745e-01
   2.3469061e-01
   2.3642997e-01
   2.3896499e-01
   2.4191090e-01
   2.4494059e-01
   2.4780072e-01
