   1.0000000e-05
   1.0000000e-05
   1.0000000e-05
   7.3196700e-05
   7.6038943e-05
   7.5362027e-05
   7.4289322e-05
   7.3607422e-05
   7.3297855e-05
   7.3193483e-05
   7.3173184e-05
   7.3174988e-05
   7.3178194e-05
   7.3180960e-05
   7.3183213e-05
   7.3185035e-05
   7.3186508e-05
   7.3187699e-05
   7.3188661e-05
   7.3189439e-05
   7.3190067e-05
   7.3190575e-05
   7.3190985e-05
   7.3191317e-05
   7.3191585e-05
   8.1524705e-05
   9.5028848e-05
   1.0574944e-04
   1.1357340e-04
   1.1910919e-04
   1.2289514e-04
   1.2535961e-04
   1.2684561e-04
   1.2762973e-04
   1.2793412e-04
   1.2793427e-04
   1.2751263e-04
   1.2696187e-04
   1.2652294e-04
   1.2631863e-04
   1.2633016e-04
   1.2640229e-04
   1.2649857e-04
   1.2659437e-04
   1.2667568e-04
   1.2673668e-04
   1.2677706e-04
   1.2679968e-04
   1.2680879e-04
   1.2680886e-04
   1.2679602e-04
   1.2677922e-04
   1.2676590e-04
   1.2675975e-04
   1.2676011e-04
   1.2676230e-04
   1.2676520e-04
   1.2676809e-04
   1.2677055e-04
   1.2677240e-04
   1.2677362e-04
   1.2677430e-04
   1.2677458e-04
   1.2677458e-04
   1.2677418e-04
   1.2677367e-04
   1.2677327e-04
   1.2677308e-04
   1.2677309e-04
   1.2677316e-04
   1.2677325e-04
   1.2677334e-04
   1.2677341e-04
   1.2677347e-04
   1.2677350e-04
   1.3510638e-04
   1.4887298e-04
   1.6021035e-04
   1.6857901e-04
   1.7421189e-04
   1.7753842e-04
   1.7899708e-04
   1.7897229e-04
   1.7614348e-04
   1.7141970e-04
   1.6584496e-04
   1.6045559e-04
   1.5616283e-04
   1.5364237e-04
   1.5347527e-04
   1.5412527e-04
   1.5543907e-04
   1.5721109e-04
   1.5921411e-04
   1.6123251e-04
   1.6308842e-04
   1.6465548e-04
   1.6586058e-04
   1.6667756e-04
   1.6711726e-04
