   1.0000000e-03
   1.0000000e-03
   1.0000000e-03
   9.3351597e-04
   2.6643973e-01
   3.1152770e-01
   2.9340943e-01
   2.1991979e-01
   1.0697704e-01
   2.3333893e-02
   4.5210588e-02
   1.2346536e-01
   1.5273106e-01
   1.1555164e-01
   4.8710521e-02
   8.6442743e-02
   1.2996947e-01
   1.1631329e-01
   6.8921697e-02
   9.0249931e-02
   1.2747914e-01
   1.1539169e-01
   6.6663291e-02
   8.5475173e-02
   1.2815460e-01
   1.2332212e-01
   1.0121214e-01
   1.3516127e-01
   1.8124622e-01
   1.9418056e-01
   1.6472590e-01
   1.1989450e-01
   1.2871204e-01
   1.5203727e-01
   1.4969445e-01
   1.4464384e-01
   1.6225382e-01
   1.7250629e-01
   1.4997898e-01
   1.1858320e-01
   1.3926087e-01
   1.6885857e-01
   1.6559527e-01
   1.4034824e-01
   1.4094825e-01
   1.6022675e-01
   1.5593549e-01
   1.3259903e-01
   1.3971929e-01
   1.6665545e-01
   1.6774718e-01
   1.3977367e-01
   1.3098417e-01
   1.5660826e-01
   1.6510780e-01
   1.4435868e-01
   1.3424732e-01
   1.5714860e-01
   1.6723886e-01
   1.4610322e-01
   1.2914576e-01
   1.5200393e-01
   1.6863390e-01
   1.5291573e-01
   1.3105558e-01
   1.4755098e-01
   1.6662288e-01
   1.5498501e-01
   1.3140104e-01
   1.4452648e-01
   1.6687094e-01
   1.5959008e-01
   1.3325070e-01
   1.3952778e-01
   1.6414732e-01
   1.6235999e-01
   1.5800414e-01
   1.8964620e-01
   2.2734475e-01
   2.4080683e-01
   2.2718453e-01
   2.0457726e-01
   1.9096481e-01
   1.7806466e-01
   1.6325136e-01
   1.7665668e-01
   2.1252176e-01
   2.3356684e-01
   2.2747609e-01
   2.0800819e-01
   1.9676199e-01
   1.8948663e-01
   1.7351031e-01
   1.7079689e-01
   1.9918081e-01
   2.2541367e-01
   2.2670446e-01
   2.1021231e-01
   1.9921456e-01
   1.9652698e-01
