   1.0000000e-05
   1.0000000e-05
   1.0000000e-05
   3.1179518e-04
   2.6426550e-04
   1.4172791e-04
   5.0000000e-05
   5.0000000e-05
   5.0000000e-05
   6.9609612e-05
   1.2489211e-04
   1.3884743e-04
   9.9671866e-05
   7.0907594e-05
   9.7928328e-05
   1.2702564e-04
   1.0816346e-04
   8.2582756e-05
   9.9806566e-05
   1.2454892e-04
   1.0823234e-04
   8.1439266e-05
   9.6755147e-05
   1.2569656e-04
   1.1361910e-04
   1.0002883e-04
   1.2897862e-04
   1.6344385e-04
   1.5383789e-04
   1.1349675e-04
   9.6995412e-05
   1.1985289e-04
   1.3661143e-04
   1.2560278e-04
   1.2238401e-04
   1.4017924e-04
   1.4184029e-04
   1.1520482e-04
   1.0280809e-04
   1.2855483e-04
   1.4882063e-04
   1.3134941e-04
   1.1127230e-04
   1.2311364e-04
   1.3976268e-04
   1.2712579e-04
   1.1014259e-04
   1.2483037e-04
   1.4644575e-04
   1.3468463e-04
   1.0966287e-04
   1.1552630e-04
   1.4002565e-04
   1.3745338e-04
   1.1472535e-04
   1.1629250e-04
   1.3939894e-04
   1.3925123e-04
   1.1499247e-04
   1.1177773e-04
   1.3644223e-04
   1.4311790e-04
   1.1994776e-04
   1.1035267e-04
   1.3190410e-04
   1.4315531e-04
   1.2287900e-04
   1.0968720e-04
   1.2920713e-04
   1.4470092e-04
   1.2687101e-04
   1.0890446e-04
   1.2445960e-04
   1.4406539e-04
   1.3093322e-04
   1.2787939e-04
   1.6264351e-04
   1.9142612e-04
   1.7650605e-04
   1.4005935e-04
   1.2571372e-04
   1.3186237e-04
   1.2902741e-04
   1.2351512e-04
   1.4556666e-04
   1.7999606e-04
   1.8073003e-04
   1.4918808e-04
   1.2968508e-04
   1.3548073e-04
   1.3679842e-04
   1.2550495e-04
   1.3363052e-04
   1.6667430e-04
   1.8082439e-04
   1.5726504e-04
   1.3334285e-04
   1.3636070e-04
   1.4289015e-04
   1.3138377e-04
