   1.0000000e-03
   1.0000000e-03
   1.0000000e-03
   9.3351597e-04
   9.0648102e-02
   9.7854128e-02
   9.9600276e-02
   1.0600761e-01
   1.0784944e-01
   1.0437505e-01
   1.0014571e-01
   1.0419615e-01
   1.0625281e-01
   1.0327636e-01
   9.8317217e-02
   1.0198743e-01
   1.0478606e-01
   1.0258880e-01
   9.7049718e-02
   9.9996047e-02
   1.0334728e-01
   1.0198639e-01
   9.6065575e-02
   9.8073051e-02
   1.0181202e-01
   1.0134459e-01
   1.0175035e-01
   1.1436836e-01
   1.2546167e-01
   1.3195510e-01
   1.3395745e-01
   1.3827902e-01
   1.4737114e-01
   1.5231609e-01
   1.5235696e-01
   1.5121713e-01
   1.5466938e-01
   1.5682989e-01
   1.5518964e-01
   1.5161056e-01
   1.5319440e-01
   1.5496215e-01
   1.5344999e-01
   1.4937076e-01
   1.5060167e-01
   1.5287398e-01
   1.5212581e-01
   1.4799207e-01
   1.4877376e-01
   1.5136561e-01
   1.5132804e-01
   1.4717563e-01
   1.4725540e-01
   1.4991527e-01
   1.5052221e-01
   1.4649456e-01
   1.4582008e-01
   1.4840866e-01
   1.4964472e-01
   1.4785601e-01
   1.4722541e-01
   1.5190460e-01
   1.5450035e-01
   1.5315162e-01
   1.5084498e-01
   1.5363991e-01
   1.5562872e-01
   1.5400344e-01
   1.5045124e-01
   1.5221355e-01
   1.5426106e-01
   1.5301193e-01
   1.4901375e-01
   1.5024704e-01
   1.5263434e-01
   1.5204224e-01
   1.5276211e-01
   1.6375849e-01
   1.7481460e-01
   1.8240127e-01
   1.8671047e-01
   1.9283903e-01
   1.9920233e-01
   2.0315317e-01
   2.0273256e-01
   2.0266562e-01
   2.0417121e-01
   2.0486081e-01
   2.0333075e-01
   2.0163585e-01
   2.0331338e-01
   2.0456522e-01
   2.0349681e-01
   2.0145067e-01
   2.0274816e-01
   2.0413774e-01
   2.0330657e-01
   2.0081770e-01
   2.0157779e-01
   2.0300710e-01
