   1.0000000e-05
   1.0000000e-05
   1.0000000e-05
   1.0121056e-04
   1.0322665e-04
   1.0353364e-04
   1.0756567e-04
   1.0781357e-04
   1.0517772e-04
   1.0297261e-04
   1.0626739e-04
   1.0703432e-04
   1.0472117e-04
   1.0195459e-04
   1.0504783e-04
   1.0639257e-04
   1.0450447e-04
   1.0123933e-04
   1.0389680e-04
   1.0572146e-04
   1.0433057e-04
   1.0069427e-04
   1.0275810e-04
   1.0496398e-04
   1.0413633e-04
   1.0447076e-04
   1.1303748e-04
   1.1871232e-04
   1.2085201e-04
   1.2045222e-04
   1.2321620e-04
   1.2923820e-04
   1.2992795e-04
   1.2778427e-04
   1.2677183e-04
   1.3032771e-04
   1.3066956e-04
   1.2815650e-04
   1.2579736e-04
   1.2884093e-04
   1.2968388e-04
   1.2751353e-04
   1.2468113e-04
   1.2756905e-04
   1.2901169e-04
   1.2732664e-04
   1.2411191e-04
   1.2658906e-04
   1.2849282e-04
   1.2731659e-04
   1.2377997e-04
   1.2564182e-04
   1.2788320e-04
   1.2726183e-04
   1.2356411e-04
   1.2471687e-04
   1.2718705e-04
   1.2715862e-04
   1.2509568e-04
   1.2532965e-04
   1.2962822e-04
   1.2986519e-04
   1.2746916e-04
   1.2608570e-04
   1.2957958e-04
   1.3007289e-04
   1.2768428e-04
   1.2535188e-04
   1.2849830e-04
   1.2951121e-04
   1.2745887e-04
   1.2457747e-04
   1.2741731e-04
   1.2895845e-04
   1.2736357e-04
   1.2826445e-04
   1.3801407e-04
   1.4337771e-04
   1.4482916e-04
   1.4450551e-04
   1.4838138e-04
   1.5126105e-04
   1.5092340e-04
   1.4701514e-04
   1.4729947e-04
   1.4922497e-04
   1.4876542e-04
   1.4624895e-04
   1.4551219e-04
   1.4905035e-04
   1.4915088e-04
   1.4671712e-04
   1.4514032e-04
   1.4851028e-04
   1.4911132e-04
   1.4685966e-04
   1.4453499e-04
   1.4761294e-04
   1.4872100e-04
   1.4680374e-04
