   1.0000000e-03
   1.0000000e-03
   1.0000000e-03
   9.3351597e-04
   2.7014464e-01
   3.2286439e-01
   3.1266774e-01
   2.4546332e-01
   1.5011140e-01
   2.3488830e-02
   3.7451865e-02
   9.8470353e-02
   1.2846682e-01
   1.2459670e-01
   9.8337417e-02
   8.1031592e-02
   9.0061105e-02
   1.0439451e-01
   1.0897518e-01
   1.0359590e-01
   9.6492748e-02
   9.5433694e-02
   9.9195679e-02
   1.0225431e-01
   1.0204010e-01
   9.9948219e-02
   1.2396898e-01
   1.5771521e-01
   1.7588961e-01
   1.7505875e-01
   1.5782125e-01
   1.3467680e-01
   1.2672419e-01
   1.3955940e-01
   1.5624852e-01
   1.6472704e-01
   1.6206449e-01
   1.5120213e-01
   1.4042567e-01
   1.3880877e-01
   1.4608164e-01
   1.5448489e-01
   1.5807231e-01
   1.5547608e-01
   1.4927059e-01
   1.4445010e-01
   1.4464794e-01
   1.4878124e-01
   1.5295462e-01
   1.5426385e-01
   1.5232319e-01
   1.4898102e-01
   1.4691432e-01
   1.4749957e-01
   1.4980993e-01
   1.5182491e-01
   1.5217465e-01
   1.5089807e-01
   1.4917029e-01
   1.4833842e-01
   1.4887406e-01
   1.5013498e-01
   1.5107187e-01
   1.5107175e-01
   1.5029406e-01
   1.4943076e-01
   1.4913075e-01
   1.4951917e-01
   1.5018931e-01
   1.5060438e-01
   1.5050949e-01
   1.5006006e-01
   1.4964281e-01
   1.4955801e-01
   1.4981060e-01
   1.5015702e-01
   1.6938398e-01
   2.0052880e-01
   2.2384839e-01
   2.3337831e-01
   2.2820988e-01
   2.0993370e-01
   1.8464134e-01
   1.6716407e-01
   1.7202619e-01
   1.9216185e-01
   2.1197995e-01
   2.2310635e-01
   2.2297560e-01
   2.1222219e-01
   1.9484882e-01
   1.7976879e-01
   1.7746631e-01
   1.8854173e-01
   2.0372061e-01
   2.1472344e-01
   2.1772250e-01
   2.1224928e-01
   2.0069211e-01
   1.8865400e-01
