   1.0000000e-05
   1.0000000e-05
   1.0000000e-05
   3.1906473e-04
   2.8642784e-04
   1.6095245e-04
   5.0000000e-05
   5.0000000e-05
   5.0000000e-05
   6.3346850e-05
   1.0640821e-04
   1.2409338e-04
   1.1445526e-04
   9.7953178e-05
   9.1802543e-05
   9.8968424e-05
   1.0767833e-04
   1.0884811e-04
   1.0447037e-04
   1.0073941e-04
   1.0099481e-04
   1.0357049e-04
   1.0510592e-04
   1.0452915e-04
   1.0319004e-04
   1.2038135e-04
   1.4329104e-04
   1.4770074e-04
   1.3642702e-04
   1.2045963e-04
   1.1082100e-04
   1.1410189e-04
   1.2653938e-04
   1.3661302e-04
   1.3726512e-04
   1.3034115e-04
   1.2203373e-04
   1.1830089e-04
   1.2136020e-04
   1.2794499e-04
   1.3239921e-04
   1.3188662e-04
   1.2780059e-04
   1.2364955e-04
   1.2240652e-04
   1.2457065e-04
   1.2798596e-04
   1.2988441e-04
   1.2917304e-04
   1.2685416e-04
   1.2486309e-04
   1.2458684e-04
   1.2595817e-04
   1.2768889e-04
   1.2844161e-04
   1.2784794e-04
   1.2657809e-04
   1.2566412e-04
   1.2571155e-04
   1.2652701e-04
   1.2738095e-04
   1.2764185e-04
   1.2722554e-04
   1.2655242e-04
   1.2615455e-04
   1.2627538e-04
   1.2673904e-04
   1.2714749e-04
   1.2721231e-04
   1.2694654e-04
   1.2660056e-04
   1.2643963e-04
   1.2654957e-04
   1.2680390e-04
   1.2699209e-04
   1.4472038e-04
   1.6920042e-04
   1.7741166e-04
   1.6882879e-04
   1.5047336e-04
   1.3133165e-04
   1.2007794e-04
   1.2279209e-04
   1.3862833e-04
   1.5753276e-04
   1.6797844e-04
   1.6588965e-04
   1.5442599e-04
   1.3995538e-04
   1.2932708e-04
   1.2779909e-04
   1.3637403e-04
   1.4989786e-04
   1.6013265e-04
   1.6195892e-04
   1.5572775e-04
   1.4541636e-04
   1.3621942e-04
   1.3261506e-04
   1.3644195e-04
